# Nota: C-Order, 1 refers to the Y axis, 2 to the X axis 
# Calibration done at Wed Dec  7 13:25:26 2022
poni_version: 2
Detector: Detector
Detector_config: {"pixel1": 0.00015, "pixel2": 0.00015, "max_shape": [2880, 2880]}
Distance: 0.8001878626735304
Poni1: 0.04003308306235383
Poni2: -0.028634849875404437
Rot1: -0.0045753510095316785
Rot2: -0.0008539394178293605
Rot3: -1.3386162517752688e-07
Wavelength: 1.1972209195944405e-11
